3.800000000000000000e+02 0.000000000000000000e+00 2.172277199610000097e-04 0.000000000000000000e+00
3.820000000000000000e+02 0.000000000000000000e+00 2.172277199610000097e-04 4.601299085852335324e-03
3.840000000000000000e+02 0.000000000000000000e+00 2.172277199610000097e-04 7.473670407021937821e-03
3.860000000000000000e+02 0.000000000000000000e+00 2.172277199610000097e-04 8.615938788162604695e-03
3.880000000000000000e+02 0.000000000000000000e+00 2.172277199610000097e-04 1.067121810460794004e-02
3.900000000000000000e+02 0.000000000000000000e+00 2.172277199610000097e-04 1.486097373337706001e-02
3.920000000000000000e+02 0.000000000000000000e+00 2.172277199610000097e-04 1.812990438509733820e-02
3.940000000000000000e+02 0.000000000000000000e+00 2.172277199610000097e-04 2.142917001237346422e-02
3.960000000000000000e+02 0.000000000000000000e+00 2.172277199610000097e-04 2.478168127734759266e-02
3.980000000000000000e+02 0.000000000000000000e+00 2.172277199610000097e-04 2.957523816960778637e-02
4.000000000000000000e+02 0.000000000000000000e+00 2.172277199610000097e-04 3.374369179851012535e-02
4.020000000000000000e+02 0.000000000000000000e+00 2.172277199610000097e-04 3.851286683798858107e-02
4.040000000000000000e+02 0.000000000000000000e+00 2.172277199610000097e-04 4.491642766884811067e-02
4.060000000000000000e+02 0.000000000000000000e+00 2.172277199610000097e-04 5.032298721243336909e-02
4.080000000000000000e+02 0.000000000000000000e+00 2.172277199610000097e-04 5.558265775039226975e-02
4.100000000000000000e+02 0.000000000000000000e+00 2.172277199610000097e-04 6.231212641801500002e-02
4.120000000000000000e+02 0.000000000000000000e+00 2.172277199610000097e-04 6.951934975240368908e-02
4.140000000000000000e+02 0.000000000000000000e+00 2.172277199610000097e-04 7.717309278952144691e-02
4.160000000000000000e+02 0.000000000000000000e+00 2.172277199610000097e-04 8.519568952053632738e-02
4.180000000000000000e+02 0.000000000000000000e+00 2.172277199610000097e-04 9.321942839294099226e-02
4.200000000000000000e+02 0.000000000000000000e+00 2.172277199610000097e-04 1.032132665085980644e-01
4.220000000000000000e+02 0.000000000000000000e+00 2.172277199610000097e-04 1.123540338572362879e-01
4.240000000000000000e+02 0.000000000000000000e+00 2.172277199610000097e-04 1.156490688550357304e-01
4.260000000000000000e+02 0.000000000000000000e+00 2.172277199610000097e-04 1.265410815952735524e-01
4.280000000000000000e+02 0.000000000000000000e+00 2.172277199610000097e-04 1.345648204676780368e-01
4.300000000000000000e+02 0.000000000000000000e+00 2.172277199610000097e-04 1.421152490073303298e-01
4.320000000000000000e+02 0.000000000000000000e+00 2.172277199610000097e-04 1.499390030241511129e-01
4.340000000000000000e+02 0.000000000000000000e+00 2.172277199610000097e-04 1.576649572998436999e-01
4.360000000000000000e+02 0.000000000000000000e+00 2.172277199610000097e-04 1.652331390194305138e-01
4.380000000000000000e+02 0.000000000000000000e+00 2.172277199610000097e-04 1.710585615644187041e-01
4.400000000000000000e+02 0.000000000000000000e+00 2.172277199610000097e-04 1.776057230117821795e-01
4.420000000000000000e+02 0.000000000000000000e+00 2.054438216655499758e-04 1.831641433860699553e-01
4.440000000000000000e+02 0.000000000000000000e+00 1.559145693667079134e-04 1.876087298094172851e-01
4.460000000000000000e+02 0.000000000000000000e+00 1.063853170678658510e-04 1.926753581417782746e-01
4.480000000000000000e+02 0.000000000000000000e+00 5.685606476902378865e-05 1.955281644730919033e-01
4.500000000000000000e+02 0.000000000000000000e+00 8.369441149520978911e-05 1.982077382051025405e-01
4.520000000000000000e+02 0.000000000000000000e+00 7.280249573093893877e-04 2.005897856828472436e-01
4.540000000000000000e+02 0.000000000000000000e+00 1.372355503123568864e-03 2.024384655551297874e-01
4.560000000000000000e+02 0.000000000000000000e+00 2.016686048937748558e-03 2.028842288258186910e-01
4.580000000000000000e+02 0.000000000000000000e+00 2.661016594751928251e-03 2.033299920965076224e-01
4.600000000000000000e+02 0.000000000000000000e+00 3.305347140566107511e-03 2.037757553671965260e-01
4.620000000000000000e+02 0.000000000000000000e+00 3.949677686380287205e-03 2.039712070902201524e-01
4.640000000000000000e+02 0.000000000000000000e+00 4.594008232194466898e-03 2.027211318311141763e-01
4.660000000000000000e+02 0.000000000000000000e+00 5.238338778008646592e-03 2.014710565720081725e-01
4.680000000000000000e+02 0.000000000000000000e+00 6.359086305753807594e-03 2.002209813129021965e-01
4.700000000000000000e+02 0.000000000000000000e+00 7.682589624913247969e-03 1.982510364459847962e-01
4.720000000000000000e+02 0.000000000000000000e+00 9.006092944072688344e-03 1.958443621361199427e-01
4.740000000000000000e+02 0.000000000000000000e+00 1.093107408842198050e-02 1.932951534318666786e-01
4.760000000000000000e+02 0.000000000000000000e+00 1.307232979941105877e-02 1.904586510111262176e-01
4.780000000000000000e+02 0.000000000000000000e+00 1.517171756610322976e-02 1.868368244367774877e-01
4.800000000000000000e+02 0.000000000000000000e+00 1.726123289745823755e-02 1.828713694811613666e-01
4.820000000000000000e+02 0.000000000000000000e+00 1.969015175178293400e-02 1.788935773477385860e-01
4.840000000000000000e+02 0.000000000000000000e+00 2.221957155499987638e-02 1.748377386231518837e-01
4.860000000000000000e+02 0.000000000000000000e+00 2.531205424540527993e-02 1.703752013339713267e-01
4.880000000000000000e+02 0.000000000000000000e+00 2.837050459301704297e-02 1.656358383144265201e-01
4.900000000000000000e+02 0.000000000000000000e+00 3.135154646575078613e-02 1.592618576046276324e-01
4.920000000000000000e+02 0.000000000000000000e+00 3.565731341211585137e-02 1.540827157251105917e-01
4.940000000000000000e+02 2.912684027008058177e-05 4.055787060042911896e-02 1.475468986737147048e-01
4.960000000000000000e+02 8.175167083758499596e-05 4.580034690178353546e-02 1.431770169286178118e-01
4.980000000000000000e+02 1.343765014050893932e-04 5.164006541355155300e-02 1.361718725597372837e-01
5.000000000000000000e+02 1.870013319725938176e-04 6.019940936776738832e-02 1.304549181491642396e-01
5.020000000000000000e+02 2.115358804350139842e-04 7.355162116243108006e-02 1.233129939682630627e-01
5.040000000000000000e+02 1.981629823143224857e-04 7.924622769945116607e-02 1.144499116417974222e-01
5.060000000000000000e+02 1.847900841936310143e-04 9.102459074581278897e-02 1.082047682194429705e-01
5.080000000000000000e+02 1.714171860729395158e-04 1.064079527115587842e-01 1.019596247970885050e-01
5.100000000000000000e+02 1.580442879522480173e-04 1.208701650268105970e-01 9.571448137473405338e-02
5.120000000000000000e+02 1.446713898315565188e-04 1.372024524489006692e-01 8.739065494867295780e-02
5.140000000000000000e+02 1.312984917108650203e-04 1.642447684718524037e-01 7.736022255981946094e-02
5.160000000000000000e+02 1.179255935901735218e-04 1.680334107907105745e-01 6.959132251994951113e-02
5.180000000000000000e+02 1.045526954694820369e-04 1.900824755441352376e-01 6.085336419008216535e-02
5.200000000000000000e+02 9.117979734879052482e-05 1.958387245877481198e-01 5.270289968244066398e-02
5.220000000000000000e+02 7.780689922809905343e-05 2.081592766648203696e-01 4.409059831486840386e-02
5.240000000000000000e+02 6.443400110740755493e-05 2.134702435884707483e-01 2.836660372268483277e-02
5.260000000000000000e+02 4.904165994017510544e-05 2.192684631730376088e-01 2.604910182569075347e-02
5.280000000000000000e+02 3.356376859681126741e-05 2.243587304465018695e-01 1.315166890940915739e-02
5.300000000000000000e+02 1.808587725344742259e-05 2.259017571527330015e-01 9.436964049365382384e-03
5.320000000000000000e+02 2.607985910083577782e-06 2.274447838589641335e-01 7.838205996663202488e-03
5.340000000000000000e+02 0.000000000000000000e+00 2.287503506090103611e-01 6.775803534853991339e-03
5.360000000000000000e+02 0.000000000000000000e+00 2.286389097913380797e-01 6.115976934792768764e-03
5.380000000000000000e+02 0.000000000000000000e+00 2.285274689736657983e-01 5.937287347835526301e-03
5.400000000000000000e+02 0.000000000000000000e+00 2.284160281559935168e-01 5.758597760878284705e-03
5.420000000000000000e+02 0.000000000000000000e+00 2.228557798596842443e-01 5.579908173921043109e-03
5.440000000000000000e+02 0.000000000000000000e+00 2.196080760303780188e-01 5.401218586963801513e-03
5.460000000000000000e+02 0.000000000000000000e+00 2.140256686023123134e-01 5.222529000006559050e-03
5.480000000000000000e+02 0.000000000000000000e+00 2.086246787727300267e-01 5.043839413049317454e-03
5.500000000000000000e+02 0.000000000000000000e+00 2.017341539713859710e-01 4.865149826092075858e-03
5.520000000000000000e+02 0.000000000000000000e+00 1.973762554484407850e-01 4.686460239134833394e-03
5.540000000000000000e+02 0.000000000000000000e+00 1.903187907499165610e-01 4.507770652177591798e-03
5.560000000000000000e+02 0.000000000000000000e+00 1.806952141541386114e-01 4.329081065220350202e-03
5.580000000000000000e+02 0.000000000000000000e+00 1.755875100108266473e-01 4.150391478263107739e-03
5.600000000000000000e+02 0.000000000000000000e+00 1.687379554564872042e-01 3.971701891305867010e-03
5.620000000000000000e+02 0.000000000000000000e+00 1.631009074292310013e-01 3.793012304348624547e-03
5.640000000000000000e+02 0.000000000000000000e+00 1.534813116326472493e-01 3.614322717391382517e-03
5.660000000000000000e+02 4.073105451022237503e-04 1.456872701716509511e-01 3.435633130434140921e-03
5.680000000000000000e+02 9.303556002206213663e-04 1.389683174080341976e-01 3.256943543476898892e-03
5.700000000000000000e+02 1.453400655339019036e-03 1.295931515687882563e-01 3.078253956519657296e-03
5.720000000000000000e+02 1.976445710457416707e-03 1.187454223635730499e-01 2.899564369562415266e-03
5.740000000000000000e+02 2.499490765575814594e-03 1.101944374769639190e-01 2.720874782605173670e-03
5.760000000000000000e+02 3.022535820694212047e-03 1.028050408820348621e-01 2.542185195647931641e-03
5.780000000000000000e+02 3.545580875812609934e-03 9.676821944259050845e-02 2.363495608690689611e-03
5.800000000000000000e+02 5.320683254631717284e-03 9.074983001970569896e-02 2.184806021733447581e-03
5.820000000000000000e+02 1.098028478070137148e-02 8.276649676524952537e-02 2.006116434776205985e-03
5.840000000000000000e+02 1.114800354000605037e-02 7.036943620178057190e-02 1.827426847818964389e-03
5.860000000000000000e+02 3.267686737750813419e-02 5.108128039728860453e-02 1.648737260861722793e-03
5.880000000000000000e+02 4.005878873066028023e-02 4.421652602867650467e-02 1.470047673904480330e-03
5.900000000000000000e+02 5.004962162622601796e-02 3.735177166006439786e-02 1.443925432680999953e-03
5.920000000000000000e+02 6.311276437654439464e-02 3.048701729145229800e-02 1.443925432680999953e-03
5.940000000000000000e+02 7.977890193517278572e-02 3.007841336999532780e-02 1.443925432680999953e-03
5.960000000000000000e+02 9.124885494015519405e-02 1.480905257478877003e-02 1.411790711348842034e-03
5.980000000000000000e+02 1.044399681651688588e-01 1.101764403365262761e-02 1.361834482737104548e-03
6.000000000000000000e+02 1.161574051386263656e-01 8.310335709113454011e-03 1.311878254125366846e-03
6.020000000000000000e+02 1.292733993061965236e-01 6.680513750656551578e-03 1.261922025513629361e-03
6.040000000000000000e+02 1.376030125771787738e-01 5.556219886901113576e-03 1.211965796901891658e-03
6.060000000000000000e+02 1.460452996725480623e-01 4.907241007515619757e-03 1.162009568290154173e-03
6.080000000000000000e+02 1.537148844227210764e-01 4.258262128130125071e-03 1.112053339678416471e-03
6.100000000000000000e+02 1.590981822828393677e-01 3.609283248744631252e-03 1.062097111066678985e-03
6.120000000000000000e+02 1.643597824252202577e-01 2.960304369359137433e-03 1.012140882454941500e-03
6.140000000000000000e+02 1.660858142326203657e-01 2.311325489973643180e-03 9.621846538432037976e-04
6.160000000000000000e+02 1.675259724917697313e-01 1.662346610588148928e-03 9.122284252314662037e-04
6.180000000000000000e+02 1.689661307509190968e-01 1.013367731202655109e-03 8.622721966197286099e-04
6.200000000000000000e+02 1.689147700651686956e-01 9.266395013703002462e-04 8.123159680079910161e-04
6.220000000000000000e+02 1.687810410839619413e-01 1.060368482577042030e-03 7.556166459218966684e-04
6.240000000000000000e+02 1.686473121027552147e-01 1.194097463783783597e-03 6.859661348768121775e-04
6.260000000000000000e+02 1.651377012804468025e-01 1.327826444990525163e-03 6.163156238317276867e-04
6.280000000000000000e+02 1.606572660858143486e-01 1.443925432680999953e-03 5.466651127866431958e-04
6.300000000000000000e+02 1.561426150104407440e-01 1.443925432680999953e-03 5.239021481410000361e-04
6.320000000000000000e+02 1.495713721486449654e-01 1.443925432680999953e-03 5.239021481410000361e-04
6.340000000000000000e+02 1.426103854139706972e-01 1.443925432680999953e-03 5.239021481410000361e-04
6.360000000000000000e+02 1.379122523059733985e-01 1.443925432680999953e-03 5.239021481410000361e-04
6.380000000000000000e+02 1.309131515056864703e-01 1.443925432680999953e-03 5.239021481410000361e-04
6.400000000000000000e+02 1.228204990859593226e-01 1.443925432680999953e-03 5.239021481410000361e-04
6.420000000000000000e+02 1.140319149641056684e-01 1.443925432680999953e-03 5.239021481410000361e-04
6.440000000000000000e+02 1.053787519538230272e-01 1.443925432680999953e-03 5.239021481410000361e-04
6.460000000000000000e+02 9.753879321088430865e-02 1.443925432680999953e-03 5.239021481410000361e-04
6.480000000000000000e+02 8.506048932239725080e-02 1.443925432680999953e-03 5.239021481410000361e-04
6.500000000000000000e+02 7.351104697270388622e-02 1.443925432680999953e-03 5.239021481410000361e-04
6.520000000000000000e+02 6.358503195314257894e-02 1.443925432680999953e-03 5.239021481410000361e-04
6.540000000000000000e+02 5.114448197784171590e-02 1.406864381928400656e-03 5.239021481410000361e-04
6.560000000000000000e+02 4.670399401213133628e-02 1.357335129629524658e-03 5.239021481410000361e-04
6.580000000000000000e+02 4.139626125093161940e-02 1.307805877330648877e-03 5.239021481410000361e-04
6.600000000000000000e+02 3.604535516022298186e-02 1.258276625031772879e-03 5.239021481410000361e-04
6.620000000000000000e+02 3.103908731755121789e-02 1.245006933302971039e-03 5.239021481410000361e-04
6.640000000000000000e+02 2.754484073767669502e-02 1.253922198716724262e-03 5.239021481410000361e-04
6.660000000000000000e+02 2.469803439532111330e-02 1.262837464130477701e-03 5.239021481410000361e-04
6.680000000000000000e+02 2.157738875558602026e-02 1.271752729544230924e-03 5.239021481410000361e-04
6.700000000000000000e+02 1.858879807497616082e-02 1.280667994957984364e-03 5.239021481410000361e-04
6.720000000000000000e+02 1.673145111377226033e-02 1.289583260371737587e-03 5.239021481410000361e-04
6.740000000000000000e+02 1.494665758001773211e-02 1.298498525785491027e-03 5.239021481410000361e-04
6.760000000000000000e+02 1.345335062320923356e-02 1.307413791199244250e-03 5.239021481410000361e-04
6.780000000000000000e+02 1.196004366640073500e-02 1.316329056612997473e-03 5.239021481410000361e-04
6.800000000000000000e+02 1.083818072967725719e-02 1.325244322026750913e-03 5.239021481410000361e-04
6.820000000000000000e+02 1.017510786452718516e-02 1.334159587440504136e-03 5.239021481410000361e-04
6.840000000000000000e+02 9.512034999377114858e-03 1.337883318933506772e-03 5.239021481410000361e-04
6.860000000000000000e+02 8.848962134227042822e-03 1.313118692784190095e-03 5.239021481410000361e-04
6.880000000000000000e+02 8.531911209550029768e-03 1.288354066634873202e-03 5.239021481410000361e-04
6.900000000000000000e+02 8.313487206912334102e-03 1.263589440485556308e-03 5.239021481410000361e-04
6.920000000000000000e+02 8.095063204274636701e-03 1.239909813599175637e-03 5.239021481410000361e-04
6.940000000000000000e+02 7.876639201636941034e-03 1.256419564365466408e-03 5.239021481410000361e-04
6.960000000000000000e+02 7.658215198999244501e-03 1.272929315131757179e-03 5.239021481410000361e-04
6.980000000000000000e+02 7.439791196361547967e-03 1.289439065898047949e-03 5.239021481410000361e-04
7.000000000000000000e+02 7.221367193723851434e-03 1.305948816664338720e-03 5.239021481410000361e-04
7.020000000000000000e+02 7.002943191086154900e-03 1.322458567430629490e-03 5.239021481410000361e-04
7.040000000000000000e+02 6.784519188448459234e-03 1.338968318196920261e-03 5.239021481410000361e-04
7.060000000000000000e+02 6.566095185810762701e-03 1.355478068963211031e-03 5.239021481410000361e-04
7.080000000000000000e+02 6.347671183173066167e-03 1.371987819729501585e-03 5.239021481410000361e-04
7.100000000000000000e+02 6.139443789763690713e-03 1.388497570495792355e-03 5.239021481410000361e-04
7.120000000000000000e+02 5.953709093643229193e-03 1.405007321262083126e-03 5.239021481410000361e-04
7.140000000000000000e+02 5.767974397522768540e-03 1.421517072028373897e-03 5.239021481410000361e-04
7.160000000000000000e+02 5.582239701402307019e-03 1.438026822794664667e-03 5.239021481410000361e-04
7.180000000000000000e+02 5.428231463470853217e-03 1.443925432680999953e-03 5.239021481410000361e-04
7.200000000000000000e+02 5.414858565350178822e-03 1.443925432680999953e-03 5.239021481410000361e-04
7.220000000000000000e+02 5.401485667229505294e-03 1.443925432680999953e-03 5.239021481410000361e-04
7.240000000000000000e+02 5.388112769108830899e-03 1.443925432680999953e-03 5.239021481410000361e-04
7.260000000000000000e+02 5.374739870988156504e-03 1.443925432680999953e-03 5.239021481410000361e-04
7.280000000000000000e+02 5.361366972867482976e-03 1.443925432680999953e-03 5.239021481410000361e-04
7.300000000000000000e+02 5.347994074746808581e-03 1.443925432680999953e-03 5.239021481410000361e-04
7.320000000000000000e+02 5.334621176626134186e-03 1.443925432680999953e-03 5.239021481410000361e-04
7.340000000000000000e+02 5.321248278505460658e-03 1.443925432680999953e-03 5.239021481410000361e-04
7.360000000000000000e+02 5.307875380384786262e-03 1.443925432680999953e-03 5.239021481410000361e-04
7.380000000000000000e+02 5.294502482264111867e-03 1.443925432680999953e-03 5.239021481410000361e-04
7.400000000000000000e+02 5.281129584143438339e-03 1.443925432680999953e-03 5.239021481410000361e-04
7.420000000000000000e+02 5.392900493998638821e-03 1.443925432680999953e-03 5.239021481410000361e-04
7.440000000000000000e+02 5.553870563969785616e-03 1.443925432680999953e-03 5.239021481410000361e-04
7.460000000000000000e+02 5.714840633940933279e-03 1.443925432680999953e-03 5.239021481410000361e-04
7.480000000000000000e+02 5.875810703912080074e-03 1.443925432680999953e-03 5.239021481410000361e-04
7.500000000000000000e+02 5.905000339171880344e-03 1.443925432680999953e-03 5.239021481410000361e-04
7.520000000000000000e+02 5.842593481275430191e-03 1.443925432680999953e-03 5.239021481410000361e-04
7.540000000000000000e+02 5.780186623378980038e-03 1.443925432680999953e-03 5.239021481410000361e-04
7.560000000000000000e+02 5.717779765482530752e-03 1.467602086774634496e-03 5.722218503729219630e-04
7.580000000000000000e+02 5.655372907586080598e-03 1.530008944671081830e-03 6.995827848555058069e-04
7.600000000000000000e+02 5.592966049689630445e-03 1.592415802567529164e-03 8.269437193380896507e-04
7.620000000000000000e+02 5.530559191793180292e-03 1.654822660463976499e-03 9.543046538206733861e-04
7.640000000000000000e+02 5.468152333896730138e-03 1.717229518360423833e-03 1.081665588303257338e-03
7.660000000000000000e+02 5.405745476000279985e-03 1.779636376256871167e-03 1.209026522785841291e-03
7.680000000000000000e+02 5.343338618103829832e-03 1.842043234153318502e-03 1.336387457268425026e-03
7.700000000000000000e+02 5.280931760207379679e-03 1.904450092049765619e-03 1.463748391751008762e-03
7.720000000000000000e+02 5.207291760333573188e-03 1.966856949946213171e-03 1.591109326233592714e-03
7.740000000000000000e+02 5.054060636034003219e-03 2.029263807842660288e-03 1.718470260716176449e-03
7.760000000000000000e+02 4.900829511734433250e-03 2.091670665739107406e-03 1.845831195198760401e-03
7.780000000000000000e+02 4.747598387434863280e-03 2.154077523635554957e-03 1.973192129681344137e-03
7.800000000000000000e+02 4.873501459298960545e-03 2.340404759062754848e-03 2.100553064163928306e-03
