3.800000000000000000e+02 1.263024240387585449e-02 0.000000000000000000e+00 1.911737347225566600e-03
3.820000000000000000e+02 7.509709774220477488e-03 0.000000000000000000e+00 1.953356410388558482e-03
3.840000000000000000e+02 2.389177144565100483e-03 0.000000000000000000e+00 1.994975473551550797e-03
3.860000000000000000e+02 1.835985734013091328e-02 1.603204752294378702e-04 3.083310883098108225e-03
3.880000000000000000e+02 4.361922501181399181e-02 4.608768213716390354e-04 5.087232266449038739e-03
3.900000000000000000e+02 6.474864011530136187e-02 7.614331675138402006e-04 7.091153649799970121e-03
3.920000000000000000e+02 9.339578239112346358e-02 1.061989513656041474e-03 9.095075033150901503e-03
3.940000000000000000e+02 1.160113536217365210e-01 1.362545859798242531e-03 1.109899641650183288e-02
3.960000000000000000e+02 1.255617988253177053e-01 1.663102205940443805e-03 1.617373245850585103e-02
3.980000000000000000e+02 1.316363612131085659e-01 1.958436224822353040e-03 2.213988296718283344e-02
4.000000000000000000e+02 1.369771025673802156e-01 2.020864819566835224e-03 2.810603347585981238e-02
4.020000000000000000e+02 1.403398954899919560e-01 2.083293414311317843e-03 4.792532433771912181e-02
4.040000000000000000e+02 1.437026884126037241e-01 2.145722009055800027e-03 8.949625092406394977e-02
4.060000000000000000e+02 1.470654813352154644e-01 2.208150603800282646e-03 1.181079234262347039e-01
4.080000000000000000e+02 1.504282742578272047e-01 2.270579198544764830e-03 1.541309952720218424e-01
4.100000000000000000e+02 1.523534087108814883e-01 2.301030894335000070e-03 1.742055286754522203e-01
4.120000000000000000e+02 1.529094567360160806e-01 2.301030894335000070e-03 1.936004445659217088e-01
4.140000000000000000e+02 1.534655047611506729e-01 2.301030894335000070e-03 2.073779494016912417e-01
4.160000000000000000e+02 1.531508366031117951e-01 2.301030894335000070e-03 2.205829767433181432e-01
4.180000000000000000e+02 1.486736757926480079e-01 2.301030894335000070e-03 2.335001896878076688e-01
4.200000000000000000e+02 1.441965149821842207e-01 2.301030894335000070e-03 2.481661819540708080e-01
4.220000000000000000e+02 1.392888877090222299e-01 2.301030894335000070e-03 2.566193109615084178e-01
4.240000000000000000e+02 1.330979199395080081e-01 2.301030894335000070e-03 2.665408077331216097e-01
4.260000000000000000e+02 1.269069521699937864e-01 2.301030894335000070e-03 2.779874694541495939e-01
4.280000000000000000e+02 1.189813917254847891e-01 2.301030894335000070e-03 2.896804307684293645e-01
4.300000000000000000e+02 1.110509628494909251e-01 2.301030894335000070e-03 3.019974856474214597e-01
4.320000000000000000e+02 1.035114731312343772e-01 2.904202467249764746e-03 3.145248042871330862e-01
4.340000000000000000e+02 9.597447446170358221e-02 4.128207554024327340e-03 3.264745910914409466e-01
4.360000000000000000e+02 8.237879249200116827e-02 5.352212640798889934e-03 3.360780521304985724e-01
4.380000000000000000e+02 7.578435291795714013e-02 6.576217727573453395e-03 3.432321019388358541e-01
4.400000000000000000e+02 7.200246633488402437e-02 7.800222814348016856e-03 3.504127827337510381e-01
4.420000000000000000e+02 6.822057975181090861e-02 2.068260066248524959e-02 3.576287555793523087e-01
4.440000000000000000e+02 5.168780497293614523e-02 3.095579286558534232e-02 3.652971858574948216e-01
4.460000000000000000e+02 4.524491166550745347e-02 3.823425168515503375e-02 3.742044457318213779e-01
4.480000000000000000e+02 3.880201835807875477e-02 4.511724493691984111e-02 3.815627132003072131e-01
4.500000000000000000e+02 3.235912505065005607e-02 5.156950032291552494e-02 3.872338307945628055e-01
4.520000000000000000e+02 2.666145765542526913e-02 5.824221697701049277e-02 3.929049483888183980e-01
4.540000000000000000e+02 2.468406003787944683e-02 6.556756405406355404e-02 3.980086102644858070e-01
4.560000000000000000e+02 2.270666242033362453e-02 7.300104987992477035e-02 4.028957287564062240e-01
4.580000000000000000e+02 2.072926480278780223e-02 8.081538777381254424e-02 4.077828472483265854e-01
4.600000000000000000e+02 1.875186718524197993e-02 9.107634629600884490e-02 4.105992649776968872e-01
4.620000000000000000e+02 1.677446956769615416e-02 1.042844989886663326e-01 4.133493023804495903e-01
4.640000000000000000e+02 1.574945096378706222e-02 1.139528564330543614e-01 4.160993397832022933e-01
4.660000000000000000e+02 1.582228432432229714e-02 1.258419926050058646e-01 4.188493771859549963e-01
4.680000000000000000e+02 1.589511768485753554e-02 1.421809716843511762e-01 4.217370472872389864e-01
4.700000000000000000e+02 1.596795104539277046e-02 1.589309471199070178e-01 4.247856436639326216e-01
4.720000000000000000e+02 1.604078440592800886e-02 1.748144661895744412e-01 4.278342400406262569e-01
4.740000000000000000e+02 1.611361776646324379e-02 1.915046967469758166e-01 4.308828364173198922e-01
4.760000000000000000e+02 1.756211667196604098e-02 2.044723179193566331e-01 4.339314327940135274e-01
4.780000000000000000e+02 1.907572779467486823e-02 2.123664418457955894e-01 4.369800291707071627e-01
4.800000000000000000e+02 2.058933891738369548e-02 2.197544935204664707e-01 4.369301769328170493e-01
4.820000000000000000e+02 2.210295004009252273e-02 2.265249902290245310e-01 4.367216191829665917e-01
4.840000000000000000e+02 2.361656116280134998e-02 2.331584298179010528e-01 4.365130614331160785e-01
4.860000000000000000e+02 2.534006020839552065e-02 2.392311407694274195e-01 4.363045036832656209e-01
4.880000000000000000e+02 2.722169354312067857e-02 2.453038517209538139e-01 4.360959459334151633e-01
4.900000000000000000e+02 2.910332687784583650e-02 2.503441837094483868e-01 4.306805972055063880e-01
4.920000000000000000e+02 3.098496021257099442e-02 2.548086094788977185e-01 4.249472574602727315e-01
4.940000000000000000e+02 3.286659354729615234e-02 2.592730352483470502e-01 4.192139177150390750e-01
4.960000000000000000e+02 3.521198073314373012e-02 2.661560158891919103e-01 4.126256088375695463e-01
4.980000000000000000e+02 3.958934573797726758e-02 2.769749142260453101e-01 4.057598660188977968e-01
5.000000000000000000e+02 4.396671074281080505e-02 2.885186516502014631e-01 3.990390010012416222e-01
5.020000000000000000e+02 4.834407574764434945e-02 3.034053892928542662e-01 3.925080595739528500e-01
5.040000000000000000e+02 5.437587974923496770e-02 3.209110114607031106e-01 3.852976327611545848e-01
5.060000000000000000e+02 6.053206223409598324e-02 3.521193889101109087e-01 3.771835281830575037e-01
5.080000000000000000e+02 6.682295180410623148e-02 3.617636558566497129e-01 3.685380325915047495e-01
5.100000000000000000e+02 7.353229468076874498e-02 3.814527521718464875e-01 3.595940525645746066e-01
5.120000000000000000e+02 8.024163755743125848e-02 3.980953096609387565e-01 3.418369403680428520e-01
5.140000000000000000e+02 8.696901806130251378e-02 4.268053320545248663e-01 3.309944807630138541e-01
5.160000000000000000e+02 9.370525048621090869e-02 4.480650850028455312e-01 3.176273744426314494e-01
5.180000000000000000e+02 1.010119382875515892e-01 4.697266018307138524e-01 3.052629392732103542e-01
5.200000000000000000e+02 1.106854034889666327e-01 4.859218971849644797e-01 2.908045029916399016e-01
5.220000000000000000e+02 1.191722689030302873e-01 4.971128008354731009e-01 2.750937903645100380e-01
5.240000000000000000e+02 1.259746771727782710e-01 5.085222061692837858e-01 2.584003149664771404e-01
5.260000000000000000e+02 1.331901515547693482e-01 5.195656233490785203e-01 2.377204098045764824e-01
5.280000000000000000e+02 1.421997032827782836e-01 5.298257874735379236e-01 2.244406494261162732e-01
5.300000000000000000e+02 1.523546587836586974e-01 5.475923542198225524e-01 2.162337932687216913e-01
5.320000000000000000e+02 1.641837936579853829e-01 5.649727330788720803e-01 2.087343917648418201e-01
5.340000000000000000e+02 1.779873079059974550e-01 5.750650861573757266e-01 2.025557216916480108e-01
5.360000000000000000e+02 1.860947755257056913e-01 5.826220884650010756e-01 1.963770516184542014e-01
5.380000000000000000e+02 1.908950448255263554e-01 5.842420304619626581e-01 1.920334384843796760e-01
5.400000000000000000e+02 1.956953141253470196e-01 5.858619724589242406e-01 1.884108789375667781e-01
5.420000000000000000e+02 2.004955834251676561e-01 5.874819144558858230e-01 1.847883193907538524e-01
5.440000000000000000e+02 2.036245705222372027e-01 5.891018564528474055e-01 1.811671623937971820e-01
5.460000000000000000e+02 2.041815723175692265e-01 5.873618602801436994e-01 1.778714628727834368e-01
5.480000000000000000e+02 2.047385741129012504e-01 5.852192044411389515e-01 1.745757633517696639e-01
5.500000000000000000e+02 2.052955759082333020e-01 5.830765486021343147e-01 1.712800638307559187e-01
5.520000000000000000e+02 2.058525777035653259e-01 5.809338927631295668e-01 1.679843643097421457e-01
5.540000000000000000e+02 2.085235708772232854e-01 5.783464785392818941e-01 1.617235848074903004e-01
5.560000000000000000e+02 2.145709630422097391e-01 5.720381062002213302e-01 1.550809841406522172e-01
5.580000000000000000e+02 2.206183552071961651e-01 5.657297338611608772e-01 1.484769007255338780e-01
5.600000000000000000e+02 2.359412904675162181e-01 5.526333452867405738e-01 1.418952505160782918e-01
5.620000000000000000e+02 2.506304691888573966e-01 5.375795209567180155e-01 1.358573961489714377e-01
5.640000000000000000e+02 2.692965962942667213e-01 5.200158062594902875e-01 1.307144764900846357e-01
5.660000000000000000e+02 2.957880242891905431e-01 5.051441444551846294e-01 1.255715568311978059e-01
5.680000000000000000e+02 3.186517615286247884e-01 4.904296617961878546e-01 1.229975072255937163e-01
5.700000000000000000e+02 3.455243238446776832e-01 4.802678831008120319e-01 1.231158792528435214e-01
5.720000000000000000e+02 3.787122331324490054e-01 4.680869490456052717e-01 1.232342512800933404e-01
5.740000000000000000e+02 4.083193429837055910e-01 4.508086954253082146e-01 1.233526233073431455e-01
5.760000000000000000e+02 4.437967914137057046e-01 4.333913986530911755e-01 1.234709953345929645e-01
5.780000000000000000e+02 4.656146930875660894e-01 4.182785258489519764e-01 1.235893673618427696e-01
5.800000000000000000e+02 5.071572391903876875e-01 4.015448597613328618e-01 1.253474851553273428e-01
5.820000000000000000e+02 5.447932032412902137e-01 3.814750277690668323e-01 1.273660097187351847e-01
5.840000000000000000e+02 5.653000894407709254e-01 3.601082540981301316e-01 1.293845342821429989e-01
5.860000000000000000e+02 5.878746961787435499e-01 3.334997312815836112e-01 1.314030588455508408e-01
5.880000000000000000e+02 6.049327963620172444e-01 3.097440761842530366e-01 1.334215834089586550e-01
5.900000000000000000e+02 6.150821266421547806e-01 2.835999388016502420e-01 1.347748650244715574e-01
5.920000000000000000e+02 6.236105791955649513e-01 2.731923984066773614e-01 1.349101269797514657e-01
5.940000000000000000e+02 6.296507977043652726e-01 2.575035844909220883e-01 1.350453889350313741e-01
5.960000000000000000e+02 6.356910162131655939e-01 2.380649243366708134e-01 1.351806508903112825e-01
5.980000000000000000e+02 6.468163948050942302e-01 2.143640770422254038e-01 1.353159128455911908e-01
6.000000000000000000e+02 6.597898092873605291e-01 1.941313987218316606e-01 1.354511748008710714e-01
6.020000000000000000e+02 6.740506021627837852e-01 1.743973883400895541e-01 1.354547866471225714e-01
6.040000000000000000e+02 6.905174446223877327e-01 1.580509354411578915e-01 1.354339771155410599e-01
6.060000000000000000e+02 7.132186390969630363e-01 1.459647594986089314e-01 1.354131675839595761e-01
6.080000000000000000e+02 7.255896182933402327e-01 1.313210149839658947e-01 1.353923580523780923e-01
6.100000000000000000e+02 7.372302625224886885e-01 1.216433433433271316e-01 1.353715485207965807e-01
6.120000000000000000e+02 7.489218118626284060e-01 1.155924751792062333e-01 1.354896672562936055e-01
6.140000000000000000e+02 7.528402232847780651e-01 1.095512391639327510e-01 1.358850483563425748e-01
6.160000000000000000e+02 7.565677816330725891e-01 1.035883936611408096e-01 1.362804294563915442e-01
6.180000000000000000e+02 7.602953399813671131e-01 9.762554815834886823e-02 1.366758105564405135e-01
6.200000000000000000e+02 7.634951174457725864e-01 9.412357279130015297e-02 1.370711916564894828e-01
6.220000000000000000e+02 7.656074005098059132e-01 9.242429828207342213e-02 1.374665727565384521e-01
6.240000000000000000e+02 7.677196835738393510e-01 9.072502377284667741e-02 1.403557057883379200e-01
6.260000000000000000e+02 7.698319666378726778e-01 8.902574926361994656e-02 1.437771396058666051e-01
6.280000000000000000e+02 7.719442497019060045e-01 8.891681435540989276e-02 1.471985734233952903e-01
6.300000000000000000e+02 7.773084062652165782e-01 8.931574934665485743e-02 1.506200072409239754e-01
6.320000000000000000e+02 7.833922258343370970e-01 8.971468433789982211e-02 1.586750026489294751e-01
6.340000000000000000e+02 7.922011555895456247e-01 9.011361932914478678e-02 1.687163662755928883e-01
6.360000000000000000e+02 8.029159195593714715e-01 9.051255432038973758e-02 1.760716779491131589e-01
6.380000000000000000e+02 8.063403360764274108e-01 9.145684252951391535e-02 1.834269896226334018e-01
6.400000000000000000e+02 8.097647525934833501e-01 9.265016431148548337e-02 1.962750097019533013e-01
6.420000000000000000e+02 8.131891691105391784e-01 9.384348609345703751e-02 2.076933962779227982e-01
6.440000000000000000e+02 8.131942139278159898e-01 9.503680787542860553e-02 2.172159677447985937e-01
6.460000000000000000e+02 8.108980220986938825e-01 9.623012965740015967e-02 2.250029715349443626e-01
6.480000000000000000e+02 8.086018302695717752e-01 9.749922754663721547e-02 2.328894790287337480e-01
6.500000000000000000e+02 8.063056384404496679e-01 9.894345194464557181e-02 2.418156235529705655e-01
6.520000000000000000e+02 8.041146524499656056e-01 1.003876763426539281e-01 2.501214249244002041e-01
6.540000000000000000e+02 8.021709311683272725e-01 1.018319007406622706e-01 2.569692371666239539e-01
6.560000000000000000e+02 8.002272098866889394e-01 1.032761251386706269e-01 2.637753070466289929e-01
6.580000000000000000e+02 7.982834886050506062e-01 1.066933542629800724e-01 2.704486801689173214e-01
6.600000000000000000e+02 8.022157092173984871e-01 1.125868247180576709e-01 2.772020432096227172e-01
6.620000000000000000e+02 8.073171516315051921e-01 1.184802951731352555e-01 2.858276269766382160e-01
6.640000000000000000e+02 8.124185940456120081e-01 1.280597317562567339e-01 2.944532107436537149e-01
6.660000000000000000e+02 8.347280376451070572e-01 1.387730467902605347e-01 3.014609089806678521e-01
6.680000000000000000e+02 8.480731902483397144e-01 1.507100106841354203e-01 3.081665032202928756e-01
6.700000000000000000e+02 8.603982384971663455e-01 1.616959985979312397e-01 3.144258202541290736e-01
6.720000000000000000e+02 8.716343136624846721e-01 1.724395063957954999e-01 3.192119038519186658e-01
6.740000000000000000e+02 8.755171971258762786e-01 1.832753140650864310e-01 3.239979874497083134e-01
6.760000000000000000e+02 8.794000805892678851e-01 1.945088301598217051e-01 3.283512283984358349e-01
6.780000000000000000e+02 8.832829640526594916e-01 2.058740478940285223e-01 3.322574586861736790e-01
6.800000000000000000e+02 8.826388950504111541e-01 2.171698662662601698e-01 3.361636889739115230e-01
6.820000000000000000e+02 8.811719696199108443e-01 2.286195025373992384e-01 3.400699192616493671e-01
6.840000000000000000e+02 8.797050441894104233e-01 2.402123600221175159e-01 3.441811123310499210e-01
6.860000000000000000e+02 8.782381187589101135e-01 2.520662030736596226e-01 3.484810018490723804e-01
6.880000000000000000e+02 8.767711933284096926e-01 2.643775459822557683e-01 3.527808913670947843e-01
6.900000000000000000e+02 8.775989393938279370e-01 2.763792943130172208e-01 3.575148992794595082e-01
6.920000000000000000e+02 8.791284399650699521e-01 2.874609581354862220e-01 3.634534684336213628e-01
6.940000000000000000e+02 8.806579405363118562e-01 3.083772455191154394e-01 3.693920375877832174e-01
6.960000000000000000e+02 8.821874411075537603e-01 3.202535920182163487e-01 3.769965642355889712e-01
6.980000000000000000e+02 8.837169416787957754e-01 3.353121737090173915e-01 3.856280999243400509e-01
7.000000000000000000e+02 8.859628574866588169e-01 3.447293519619620272e-01 3.892992335483465571e-01
7.020000000000000000e+02 8.902898975051910524e-01 3.512179239824012034e-01 3.929703671723530078e-01
7.040000000000000000e+02 8.946169375237233989e-01 3.590707373498605581e-01 3.966415007963595141e-01
7.060000000000000000e+02 8.989439775422556345e-01 3.709610724785251668e-01 4.011430495130602902e-01
7.080000000000000000e+02 9.068537544633560321e-01 3.812516602760425144e-01 4.060072775202417938e-01
7.100000000000000000e+02 9.156283113923687766e-01 3.910087293963291355e-01 4.108715055274232975e-01
7.120000000000000000e+02 9.230483691215066733e-01 3.953420715212912495e-01 4.144488244537223864e-01
7.140000000000000000e+02 9.300081494738396959e-01 3.995018251274327081e-01 4.140708302649290795e-01
7.160000000000000000e+02 9.353908185853947455e-01 4.036615787335741112e-01 4.136928360761357171e-01
7.180000000000000000e+02 9.393190037139547144e-01 4.049357265545424633e-01 4.133148418873423546e-01
7.200000000000000000e+02 9.432471888425146833e-01 4.052016601272534491e-01 4.129368476985489922e-01
7.220000000000000000e+02 9.449057817050855457e-01 4.054675936999644348e-01 4.102875036721199686e-01
7.240000000000000000e+02 9.427036795037516681e-01 4.057335272726754205e-01 4.052464930699562484e-01
7.260000000000000000e+02 9.405015773024179015e-01 4.059994608453864062e-01 4.002054824677925837e-01
7.280000000000000000e+02 9.382994751010840240e-01 4.062653944180973919e-01 3.951644718656288635e-01
7.300000000000000000e+02 9.350804339949264632e-01 4.081280521806847084e-01 3.943571713406172075e-01
7.320000000000000000e+02 9.295014393809231112e-01 4.128941781104101816e-01 3.939024549545723786e-01
7.340000000000000000e+02 9.274241302155433742e-01 4.176603040401356548e-01 3.934477385685274942e-01
7.360000000000000000e+02 9.291938916928452752e-01 4.261281273229158839e-01 3.929930221824826098e-01
7.380000000000000000e+02 9.309636531701471762e-01 4.407771108160374318e-01 3.925383057964377254e-01
7.400000000000000000e+02 9.384872998842029856e-01 4.597938970251546631e-01 3.927926647848841157e-01
7.420000000000000000e+02 9.551600665558466208e-01 4.780703511268179495e-01 3.955499277194359231e-01
7.440000000000000000e+02 9.679885239050315393e-01 5.054450139398320996e-01 3.983071906539877860e-01
7.460000000000000000e+02 9.782924957241349029e-01 5.283479250906494284e-01 4.010644535885396489e-01
7.480000000000000000e+02 9.867360507186848650e-01 5.466311048716008258e-01 4.038217165230915118e-01
7.500000000000000000e+02 9.887514355489787077e-01 5.658764536105348464e-01 4.065789794576433192e-01
7.520000000000000000e+02 9.907668203792725503e-01 5.818648140438322791e-01 4.061401980444495075e-01
7.540000000000000000e+02 9.927822052095663929e-01 6.020434968827612643e-01 4.044026021573922103e-01
7.560000000000000000e+02 9.902461901319000726e-01 6.140720774120957959e-01 4.026650062703349131e-01
7.580000000000000000e+02 9.845724019810925265e-01 6.224520382631618665e-01 4.009274103832776714e-01
7.600000000000000000e+02 9.788986138302849804e-01 6.269285809232296725e-01 3.991898144962203743e-01
7.620000000000000000e+02 9.713796998632170387e-01 6.314051235832973674e-01 3.979235972767592999e-01
7.640000000000000000e+02 9.630783225068436648e-01 6.331280358830061461e-01 3.985273338117683584e-01
7.660000000000000000e+02 9.532961695261702451e-01 6.309569434783601771e-01 3.991310703467773613e-01
7.680000000000000000e+02 9.429896113242821620e-01 6.287858510737140971e-01 3.997348068817863642e-01
7.700000000000000000e+02 9.347269941289897410e-01 6.266147586690681281e-01 4.003385434167953671e-01
7.720000000000000000e+02 9.239819828665791768e-01 6.232015546789586580e-01 4.088251095975430349e-01
7.740000000000000000e+02 9.121202903791617578e-01 6.196625652619690561e-01 4.201576944241210976e-01
7.760000000000000000e+02 9.051465471116583172e-01 6.169920123351850805e-01 4.399037494179781627e-01
7.780000000000000000e+02 8.982352860433346908e-01 6.180487897140000131e-01 4.618161693074815943e-01
7.800000000000000000e+02 8.943490698928262539e-01 6.191055670928150567e-01 4.805563746927667967e-01
